741 44444444444444444 ’

44144(4(1(,444(111114; 144144444441144 14141,

(’,,-(41441. (1114411444, (14141, 141444444444111
11444444144114144444411. , ,
49 (3111114411111144114441144(
1444444141414441111441414141441441(4414414444
4414411444411441141444141(1441141 (141111,

ch33q; ,4414 *tn 44( 141114 4144444 ,41141 4 41414
14441411(4(1144(>41 44414441, 141 4444441141-
d3mt 1114111414 4141414411, ,444 , 01441441
er33n3 (1414414444 (414441141144414144444114Η
1414114111(4441444444441411141441144444ῑῆ

444444 444441114141414 4444411411( 4141414144 7..
3333. (14114144 144 11411141 4411444144 4441411

4444.114114414444444114140 (4144141444
111414444141111( 1141444441414411444444114
1414454141( 44144411141441 1141414111

44444144 4111111 (11414444144444 1144114141,
(14414444444114 no 4411141414144114411414

44444 (414144141114444444 (,14411
20 1144414144441414, (44111111144111411414

fintenum 44414444· ((,4144144444ω1 (4.4444 ,144141
44444144 1111414441· ,41 Qod 3333333 plen33333 hu'
moris (1111441144 4441414114444144 ρο-

test 11114 ..ipen te.
C333r 441411111114444414 4141114414 ,44411

4141411441114144444, [mom. 14144 4114414141 .
4444 (414144444141441444444444(1111144441
4411111141,1411441141110141, (144444 (1114

111414 144441( (4111414411 1444, ,4111
“ 3333

 

 

 

 

 

 

 

 

 

